[GL Error] "glew_init_ignore", code: 1280
GL Version  3.3 (Core Profile) Mesa 10.5.1
GL Shader Version: 3.30
GL Vendor: Intel Open Source Technology Center
GL Renderer: Mesa DRI Intel(R) Haswell Mobile x86/MMX/SSE2

Maximum textures unit to be bound at once: 32
Maximum textures unit to be bound at once (all programs combined): 96
Maximum textures size: 8192
Maximum feedback interleaved variables count: 64
Maximum feedback separate variables count: 4
Maximum feedback buffers: 4
[GL DEBUG] gl init:
[GL Error] "init call befor anything (ignore?)", code: 1280
[GL DEBUG] pf init:
Noise in (d,a): (2.183901,-1.271516)
Noise in (d,a): (-3.142293,3.958421)
Noise in (d,a): (-1.801939,-0.996038)
Noise in (d,a): (-2.154246,0.980989)
Noise in (d,a): (-0.491030,-0.761171)
Noise in (d,a): (2.740519,3.605312)
Noise in (d,a): (2.897777,1.228181)
Noise in (d,a): (2.951387,-1.542717)
Noise in (d,a): (0.624220,-2.844706)
Noise in (d,a): (0.239779,1.036366)
Noise in (d,a): (-2.243633,-2.846554)
Noise in (d,a): (2.094731,3.729281)
Noise in (d,a): (-1.632185,-0.264626)
Noise in (d,a): (-2.772879,2.861784)
Noise in (d,a): (0.742943,3.232905)
Noise in (d,a): (1.575362,-0.426807)
Noise in (d,a): (-1.944711,2.551670)
Noise in (d,a): (-0.939767,-0.854141)
Noise in (d,a): (-2.204396,0.165605)
Noise in (d,a): (-3.118817,0.788397)
Noise in (d,a): (2.818838,4.408909)
Noise in (d,a): (-0.388026,3.932209)
Noise in (d,a): (0.407738,-0.994749)
Noise in (d,a): (-1.670725,-3.387566)
Noise in (d,a): (0.742749,2.764148)
Noise in (d,a): (1.695232,2.654869)
Noise in (d,a): (3.147260,0.921818)
1s for comperison: 1.00009e+09
1,4.5515e+06
2,3.3154e+06
3,5.4267e+06
4,5.6063e+06
5,1.59862e+07
6,1.64191e+07
7,1.61878e+07
8,1.66378e+07
9,1.61113e+07
10,1.63368e+07
11,1.62768e+07
12,1.64708e+07
13,1.62328e+07
14,1.64138e+07
15,1.63274e+07
16,1.6223e+07
17,1.63235e+07
18,1.63553e+07
19,1.62927e+07
20,1.63477e+07
21,1.6275e+07
22,1.63613e+07
23,1.63019e+07
24,1.63294e+07
25,1.65521e+07
26,1.60444e+07
27,1.64044e+07
28,1.62438e+07
29,1.65966e+07
30,1.61051e+07
31,1.67131e+07
32,1.60224e+07
33,1.65717e+07
34,1.6209e+07
35,1.62906e+07
36,1.62766e+07
37,1.64081e+07
38,1.6288e+07
39,1.64616e+07
40,1.62098e+07
41,1.64291e+07
42,1.62738e+07
43,1.6652e+07
44,1.60627e+07
45,1.65195e+07
46,1.61953e+07
47,1.64626e+07
48,1.62592e+07
49,1.66847e+07
50,1.60333e+07
51,1.65698e+07
52,1.62105e+07
53,1.61075e+07
54,1.63072e+07
55,1.62515e+07
56,1.63747e+07
57,1.62471e+07
58,1.62911e+07
59,1.6544e+07
60,1.6197e+07
61,1.63322e+07
62,1.63612e+07
63,1.61887e+07
64,1.62944e+07
65,1.63506e+07
66,1.63126e+07
67,1.65551e+07
68,1.61923e+07
69,1.62976e+07
70,1.63384e+07
71,1.62801e+07
72,1.63982e+07
73,1.63143e+07
74,1.6639e+07
75,1.63734e+07
76,1.62499e+07
77,1.6125e+07
78,1.6383e+07
79,1.62493e+07
80,1.64249e+07
81,1.63797e+07
82,1.62939e+07
83,1.63802e+07
84,1.6274e+07
85,1.62855e+07
86,1.62541e+07
87,1.63373e+07
88,1.6344e+07
89,1.63002e+07
90,1.65376e+07
91,1.61505e+07
92,1.65669e+07
93,1.623e+07
94,1.64162e+07
95,1.62235e+07
96,1.63708e+07
97,1.6362e+07
98,1.65065e+07
99,1.62061e+07
100,1.63626e+07
101,1.6305e+07
102,1.65126e+07
103,1.65058e+07
104,1.60611e+07
105,1.64662e+07
106,1.6474e+07
107,1.62582e+07
108,1.61053e+07
109,1.64936e+07
110,1.63749e+07
111,1.60406e+07
112,1.62756e+07
113,1.61564e+07
114,1.63168e+07
115,1.63781e+07
116,1.65559e+07
117,1.625e+07
118,1.62905e+07
119,1.60877e+07
120,1.65922e+07
121,1.61961e+07
122,1.6225e+07
123,1.61862e+07
124,1.62895e+07
125,1.63209e+07
126,1.62695e+07
127,1.6482e+07
128,1.61597e+07
129,1.61116e+07
130,1.63231e+07
131,1.62272e+07
132,1.629e+07
133,1.65799e+07
134,1.60249e+07
135,1.63642e+07
136,1.62703e+07
137,1.64137e+07
138,1.62891e+07
139,1.6314e+07
140,1.62675e+07
141,1.62993e+07
142,1.633e+07
143,1.63348e+07
144,1.6437e+07
145,1.62598e+07
146,1.62098e+07
147,1.62986e+07
148,1.6381e+07
149,1.63314e+07
150,1.63364e+07
151,1.63178e+07
152,1.63592e+07
153,1.64467e+07
154,1.6555e+07
155,1.61964e+07
156,1.6474e+07
157,1.62132e+07
158,1.66437e+07
159,1.63013e+07
160,1.59336e+07
161,1.62871e+07
162,1.64323e+07
163,1.6273e+07
164,1.66487e+07
165,1.61617e+07
166,1.6322e+07
167,1.61958e+07
168,1.6433e+07
169,1.62472e+07
170,1.6451e+07
171,1.62835e+07
172,1.63577e+07
173,1.62251e+07
174,1.64568e+07
175,1.64253e+07
176,1.63235e+07
177,1.58674e+07
178,1.63189e+07
179,1.62811e+07
180,1.66487e+07
181,1.60737e+07
182,1.63907e+07
183,1.63063e+07
184,1.63426e+07
185,1.62563e+07
186,1.64339e+07
187,1.635e+07
188,1.63595e+07
189,1.64638e+07
190,1.62964e+07
191,1.63269e+07
192,1.63105e+07
193,1.63972e+07
194,1.61985e+07
195,1.62505e+07
196,1.63023e+07
197,1.63404e+07
198,1.63433e+07
199,1.64311e+07
200,1.62896e+07
201,1.63851e+07
202,1.62411e+07
203,1.64389e+07
204,1.62759e+07
205,1.64656e+07
206,1.62421e+07
207,1.63913e+07
208,1.62629e+07
209,1.64422e+07
210,1.6299e+07
211,1.64122e+07
212,1.62427e+07
213,1.65223e+07
214,1.62148e+07
215,1.64575e+07
216,1.62396e+07
217,1.64686e+07
218,1.63225e+07
219,1.62987e+07
220,1.63104e+07
221,1.63276e+07
222,1.63549e+07
223,1.63688e+07
224,1.62892e+07
225,1.62854e+07
226,1.64543e+07
227,1.62836e+07
228,1.66113e+07
229,1.6077e+07
230,1.66746e+07
231,1.63223e+07
232,1.6391e+07
233,1.59164e+07
234,1.6479e+07
235,1.62627e+07
236,1.76107e+07
237,1.5106e+07
238,1.63684e+07
239,1.62362e+07
240,1.63832e+07
241,1.63002e+07
242,1.64684e+07
243,1.62847e+07
244,1.64116e+07
245,1.61746e+07
246,1.64392e+07
247,1.62528e+07
248,1.65192e+07
249,1.62598e+07
250,1.63392e+07
251,1.62507e+07
252,1.64483e+07
253,1.62537e+07
254,1.64362e+07
255,1.63308e+07
256,1.63137e+07
257,1.63093e+07
258,1.63072e+07
259,1.6345e+07
260,1.62989e+07
261,1.63672e+07
262,1.63245e+07
263,1.6404e+07
264,1.63304e+07
265,1.63821e+07
266,1.63188e+07
267,1.63695e+07
268,1.62616e+07
269,1.64437e+07
270,1.62613e+07
271,1.64962e+07
272,1.63403e+07
273,1.64634e+07
274,1.61772e+07
275,1.64358e+07
276,1.62588e+07
277,1.64571e+07
278,1.62496e+07
279,1.64567e+07
280,1.6241e+07
281,1.66674e+07
282,1.60688e+07
283,1.6428e+07
284,1.62806e+07
285,1.6408e+07
286,1.62748e+07
287,1.66232e+07
288,1.62276e+07
289,1.63587e+07
290,1.62032e+07
291,1.63e+07
292,1.63836e+07
293,1.62983e+07
294,1.62808e+07
295,1.66132e+07
296,1.62441e+07
297,1.58749e+07
298,1.64072e+07
299,1.62797e+07
300,1.6398e+07
301,1.63054e+07
302,1.63626e+07
303,1.6339e+07
304,1.63959e+07
305,1.62263e+07
306,1.65283e+07
307,1.62466e+07
308,1.64251e+07
309,1.63446e+07
310,1.62395e+07
311,1.63358e+07
312,1.642e+07
313,1.62543e+07
314,1.64602e+07
315,1.634e+07
316,1.63868e+07
317,1.61931e+07
318,1.65321e+07
319,1.61263e+07
320,1.67119e+07
321,1.63166e+07
322,1.60031e+07
323,1.62579e+07
324,1.65062e+07
325,1.61709e+07
326,1.64383e+07
327,1.63186e+07
328,1.62982e+07
329,1.62659e+07
330,1.64306e+07
331,1.62512e+07
332,1.65733e+07
333,1.59994e+07
334,1.63e+07
335,1.6233e+07
336,1.64953e+07
337,1.62579e+07
338,1.64039e+07
339,1.63169e+07
340,1.63052e+07
341,1.6287e+07
342,1.62825e+07
343,1.6408e+07
344,1.63276e+07
345,1.63323e+07
346,1.62881e+07
347,1.65529e+07
348,1.61698e+07
349,1.65278e+07
350,1.61662e+07
351,1.64452e+07
352,1.62169e+07
353,1.64263e+07
354,1.62538e+07
355,1.65889e+07
356,1.6424e+07
357,1.59989e+07
358,1.62294e+07
359,1.66988e+07
360,1.60083e+07
361,1.6127e+07
362,1.62005e+07
363,1.62241e+07
364,1.62682e+07
365,1.63283e+07
366,1.63452e+07
367,1.63499e+07
368,1.63212e+07
369,1.64034e+07
370,1.63139e+07
371,1.6321e+07
372,1.6395e+07
373,1.64494e+07
374,1.62967e+07
375,1.63361e+07
376,1.63523e+07
377,1.6313e+07
378,1.66566e+07
379,1.61404e+07
380,1.63612e+07
381,1.63194e+07
382,1.63494e+07
383,1.6277e+07
384,1.63873e+07
385,1.62756e+07
386,1.64045e+07
387,1.64253e+07
388,1.64658e+07
389,1.59441e+07
390,1.64096e+07
391,1.63006e+07
392,1.66134e+07
393,1.62402e+07
394,1.65101e+07
395,1.60452e+07
396,1.64713e+07
397,1.62358e+07
398,1.66836e+07
399,1.60504e+07
400,1.63414e+07
401,1.62569e+07
402,1.64212e+07
403,1.62819e+07
404,1.65093e+07
405,1.65164e+07
406,1.61871e+07
407,1.61256e+07
408,1.66293e+07
409,1.60475e+07
410,1.65203e+07
411,1.62058e+07
412,1.61446e+07
413,1.62807e+07
414,1.64783e+07
415,1.62657e+07
416,1.60617e+07
417,1.59366e+07
418,1.63795e+07
419,1.63022e+07
420,1.63629e+07
421,1.60112e+07
422,1.652e+07
423,1.6325e+07
424,1.61644e+07
425,1.63808e+07
426,1.6221e+07
427,1.63332e+07
428,1.63455e+07
429,1.65177e+07
430,1.61341e+07
431,1.64242e+07
432,1.62747e+07
433,1.60899e+07
434,1.63644e+07
435,1.65881e+07
436,1.59858e+07
437,1.64733e+07
438,1.63266e+07
439,1.63964e+07
440,1.62597e+07
441,1.63543e+07
442,1.60861e+07
443,1.62741e+07
444,1.62691e+07
445,1.62034e+07
446,1.63106e+07
447,1.63595e+07
448,1.6213e+07
449,1.66603e+07
450,1.59913e+07
451,1.6476e+07
452,1.62393e+07
453,1.65776e+07
454,1.60405e+07
455,1.66302e+07
456,1.60977e+07
457,1.64985e+07
458,1.62293e+07
459,1.66077e+07
460,2.22778e+07
461,1.16098e+07
462,1.61857e+07
463,1.41868e+07
464,1.61168e+07
465,1.64029e+07
466,1.72222e+07
467,1.53458e+07
468,1.5714e+07
469,1.60221e+07
470,1.63245e+07
471,1.59982e+07
472,1.61741e+07
473,1.60786e+07
474,1.61768e+07
475,1.61764e+07
476,1.68703e+07
477,1.34022e+07
478,1.55696e+07
479,1.63073e+07
480,1.63388e+07
481,1.61106e+07
482,1.64087e+07
483,1.59762e+07
484,1.61987e+07
485,1.6237e+07
486,1.6486e+07
487,1.62181e+07
488,1.63386e+07
489,1.61405e+07
490,1.63678e+07
491,1.62659e+07
492,1.64904e+07
493,1.62429e+07
494,1.62929e+07
495,1.61641e+07
496,1.62706e+07
497,1.62522e+07
498,1.63464e+07
499,1.61435e+07
500,1.64058e+07
501,1.62455e+07
502,1.63082e+07
503,1.61204e+07
504,1.66032e+07
505,1.60737e+07
506,1.65896e+07
507,1.6086e+07
508,1.65133e+07
509,1.59747e+07
510,1.65025e+07
511,1.59616e+07
512,1.66145e+07
513,1.62168e+07
514,1.62811e+07
515,1.60005e+07
516,1.64396e+07
517,1.61029e+07
518,1.64419e+07
519,1.61176e+07
520,1.60752e+07
521,1.62265e+07
522,1.65774e+07
523,1.59327e+07
524,1.65466e+07
525,1.60467e+07
526,1.63886e+07
527,1.62739e+07
528,1.6402e+07
529,1.61074e+07
530,1.65788e+07
531,1.62666e+07
532,1.61026e+07
533,1.62007e+07
534,1.60326e+07
535,1.61582e+07
536,1.62422e+07
537,1.56313e+07
538,1.61504e+07
539,1.6241e+07
540,1.63668e+07
541,1.61355e+07
542,1.65609e+07
543,1.62025e+07
544,1.59195e+07
545,1.63818e+07
546,1.62519e+07
547,1.62441e+07
548,1.63299e+07
549,1.63107e+07
550,1.61394e+07
551,1.62144e+07
552,1.61578e+07
553,1.63128e+07
554,1.62942e+07
555,1.64373e+07
556,1.62006e+07
557,1.63643e+07
558,1.62328e+07
559,1.65888e+07
560,1.60094e+07
561,1.65392e+07
562,1.60291e+07
563,1.62174e+07
564,1.62717e+07
565,1.6237e+07
566,1.63911e+07
567,1.60626e+07
568,1.62552e+07
569,1.65071e+07
570,1.46568e+07
571,1.75243e+07
572,1.13561e+07
573,1.60427e+07
574,1.63098e+07
575,1.68537e+07
576,1.55886e+07
577,1.64038e+07
578,1.61278e+07
579,1.64949e+07
580,1.61142e+07
581,1.62672e+07
582,1.62549e+07
583,1.66786e+07
584,1.58439e+07
585,1.62843e+07
586,1.63816e+07
587,1.64518e+07
588,1.64009e+07
589,1.62141e+07
590,1.62899e+07
591,1.6181e+07
592,1.63966e+07
593,1.64596e+07
594,1.61186e+07
595,1.64246e+07
596,1.62154e+07
597,1.55761e+07
598,1.61588e+07
599,1.64417e+07
600,1.62224e+07
601,1.63663e+07
602,1.63455e+07
603,1.61777e+07
604,1.64127e+07
605,1.62253e+07
606,1.63185e+07
607,1.62748e+07
608,1.59687e+07
609,1.61665e+07
610,1.61959e+07
611,1.64759e+07
612,1.62641e+07
613,1.62805e+07
614,1.64167e+07
615,1.62181e+07
616,1.62931e+07
617,1.62867e+07
618,1.64955e+07
619,1.61135e+07
620,1.66611e+07
621,1.60258e+07
622,1.64721e+07
623,1.62686e+07
624,1.64602e+07
625,1.61555e+07
626,1.63229e+07
627,1.63616e+07
628,1.63186e+07
629,1.62484e+07
630,1.64461e+07
631,1.62514e+07
632,1.64604e+07
633,1.62715e+07
634,1.63754e+07
635,1.62367e+07
636,1.64792e+07
637,1.63717e+07
638,1.62519e+07
639,1.63854e+07
640,1.63793e+07
641,1.63095e+07
642,1.62865e+07
643,1.61863e+07
644,1.62689e+07
645,1.62706e+07
646,1.63329e+07
647,1.663e+07
648,1.61454e+07
649,1.61323e+07
650,1.63907e+07
651,1.62992e+07
652,1.63571e+07
653,1.63501e+07
654,1.64152e+07
655,1.60303e+07
656,1.65054e+07
657,1.62428e+07
658,1.62924e+07
659,1.62225e+07
660,1.63144e+07
661,1.62455e+07
662,1.63899e+07
663,1.63423e+07
664,1.63058e+07
665,1.63018e+07
666,1.63857e+07
667,1.63598e+07
668,1.62446e+07
669,1.6391e+07
670,1.63012e+07
671,1.65567e+07
672,1.61171e+07
673,1.6417e+07
674,1.62542e+07
675,1.66431e+07
676,1.61239e+07
677,1.64373e+07
678,1.62442e+07
679,1.64081e+07
680,1.63899e+07
681,1.62994e+07
682,1.63335e+07
683,1.63461e+07
684,1.62986e+07
685,1.63207e+07
686,1.63707e+07
687,1.63794e+07
688,1.6306e+07
689,1.63326e+07
690,1.64374e+07
691,1.62074e+07
692,1.63227e+07
693,1.64223e+07
694,1.62333e+07
695,1.63083e+07
696,1.62638e+07
697,1.63102e+07
698,1.64378e+07
699,1.63275e+07
700,1.62891e+07
701,1.6413e+07
702,1.62902e+07
703,1.62179e+07
704,1.65534e+07
705,1.621e+07
706,1.61657e+07
707,1.63585e+07
708,1.66207e+07
709,1.60672e+07
710,1.66472e+07
711,1.61906e+07
712,1.61209e+07
713,1.62426e+07
714,1.65333e+07
715,1.61291e+07
716,1.65206e+07
717,1.63696e+07
718,1.62209e+07
719,1.62542e+07
720,1.64189e+07
721,1.62307e+07
722,1.64647e+07
723,1.62654e+07
724,1.63592e+07
725,1.62393e+07
726,1.64665e+07
727,1.63031e+07
728,1.63491e+07
729,1.62992e+07
730,1.6309e+07
731,1.637e+07
732,1.6531e+07
733,1.61014e+07
734,1.65776e+07
735,1.61275e+07
736,1.6378e+07
737,1.6312e+07
738,1.63074e+07
739,1.63278e+07
740,1.64439e+07
741,1.62096e+07
742,1.63071e+07
743,1.64097e+07
744,1.63587e+07
745,1.61946e+07
746,1.62877e+07
747,1.62958e+07
748,1.63204e+07
749,1.64372e+07
750,1.62393e+07
751,1.6415e+07
752,1.63946e+07
753,1.61821e+07
754,1.62069e+07
755,1.64239e+07
756,1.62704e+07
757,1.63649e+07
758,1.63098e+07
759,1.64065e+07
760,1.63672e+07
761,1.65287e+07
762,1.60829e+07
763,1.62624e+07
764,1.63912e+07
765,1.63084e+07
766,1.63569e+07
767,1.63137e+07
768,1.64012e+07
769,1.62831e+07
770,1.64255e+07
771,1.64057e+07
772,1.61807e+07
773,1.63474e+07
774,1.65501e+07
775,1.62089e+07
776,1.65784e+07
777,1.59855e+07
778,1.65894e+07
779,1.63607e+07
780,1.6408e+07
781,1.60458e+07
782,1.63071e+07
783,1.63334e+07
784,1.63207e+07
785,1.62963e+07
786,1.64906e+07
787,1.62217e+07
788,1.64331e+07
789,1.62689e+07
790,1.63904e+07
791,1.62492e+07
792,1.64571e+07
793,1.62491e+07
794,1.64288e+07
795,1.6291e+07
796,1.65677e+07
797,1.61158e+07
798,1.63028e+07
799,1.63476e+07
800,1.63183e+07
801,1.63266e+07
802,1.63127e+07
803,1.63498e+07
804,1.63941e+07
805,1.62366e+07
806,1.62954e+07
807,1.63062e+07
808,1.63186e+07
809,1.64844e+07
810,1.6218e+07
811,1.63609e+07
812,1.56812e+07
813,1.63555e+07
814,1.63817e+07
815,1.63886e+07
816,1.64544e+07
817,1.60802e+07
818,1.63685e+07
819,1.65702e+07
820,1.6044e+07
821,1.64572e+07
822,1.62221e+07
823,1.6468e+07
824,1.62839e+07
825,1.62852e+07
826,1.61692e+07
827,1.64906e+07
828,1.63297e+07
829,1.63301e+07
830,1.63197e+07
831,1.61753e+07
832,1.63121e+07
833,1.63803e+07
834,1.61686e+07
835,1.63175e+07
836,1.64762e+07
837,1.60799e+07
838,1.64029e+07
839,1.62041e+07
840,1.6424e+07
841,1.60312e+07
842,1.6327e+07
843,1.62228e+07
844,1.62628e+07
845,1.64298e+07
846,1.62697e+07
847,1.65166e+07
848,1.61204e+07
849,1.64315e+07
850,1.64204e+07
851,1.61449e+07
852,1.64981e+07
853,1.61522e+07
854,1.65885e+07
855,1.73056e+07
856,1.51015e+07
857,1.62774e+07
858,1.6319e+07
859,1.63307e+07
860,1.64007e+07
861,1.62465e+07
862,1.63055e+07
863,1.62751e+07
864,1.6381e+07
865,1.6263e+07
866,1.8737e+07
867,1.3976e+07
868,1.63377e+07
869,1.62729e+07
870,1.62877e+07
871,1.64243e+07
872,1.64713e+07
873,1.62273e+07
874,1.60894e+07
875,1.62239e+07
876,1.65846e+07
877,1.62198e+07
878,1.64337e+07
879,1.63059e+07
880,1.60764e+07
881,1.63805e+07
882,1.66466e+07
883,1.60816e+07
884,1.61681e+07
885,1.61501e+07
886,1.64984e+07
887,1.6073e+07
888,1.64328e+07
889,1.61997e+07
890,1.64548e+07
891,1.62843e+07
892,1.63182e+07
893,1.62964e+07
894,1.64464e+07
895,1.64415e+07
896,1.63168e+07
897,1.60703e+07
898,1.62404e+07
899,1.63303e+07
900,1.63791e+07
901,1.6444e+07
902,1.63383e+07
903,1.62154e+07
904,1.66638e+07
905,1.59702e+07
906,1.6575e+07
907,1.62044e+07
908,1.60168e+07
909,1.60895e+07
910,1.63743e+07
911,1.62907e+07
912,1.63328e+07
913,1.63161e+07
914,1.63074e+07
915,1.62841e+07
916,1.63188e+07
917,1.65438e+07
918,1.60938e+07
919,1.63302e+07
920,1.63468e+07
921,1.62622e+07
922,1.63069e+07
923,1.63519e+07
924,1.63177e+07
925,1.63016e+07
926,1.6347e+07
927,1.62571e+07
928,1.628e+07
929,1.62865e+07
930,1.63252e+07
931,1.62827e+07
932,1.6266e+07
933,1.6246e+07
934,1.62848e+07
935,1.63359e+07
936,1.63514e+07
937,1.63591e+07
938,1.64439e+07
939,1.61819e+07
940,1.63433e+07
941,1.63151e+07
942,1.62888e+07
943,1.64821e+07
944,1.63522e+07
945,1.61302e+07
946,1.62336e+07
947,1.62161e+07
948,1.6424e+07
949,1.63158e+07
950,1.62727e+07
951,1.61959e+07
952,1.61474e+07
953,1.64132e+07
954,1.62939e+07
955,1.63735e+07
956,1.64595e+07
957,1.62394e+07
958,1.62067e+07
959,1.61851e+07
960,1.64339e+07
961,1.62367e+07
962,1.6295e+07
963,1.62041e+07
964,1.6305e+07
965,1.63594e+07
966,1.64401e+07
967,1.626e+07
968,1.64468e+07
969,1.63179e+07
970,1.63514e+07
971,1.59777e+07
972,1.64315e+07
973,1.62269e+07
974,1.66887e+07
975,1.60459e+07
976,1.63743e+07
977,1.62663e+07
978,1.64683e+07
979,1.62114e+07
980,1.67766e+07
981,1.59979e+07
982,1.65041e+07
983,1.60644e+07
984,1.66975e+07
985,1.59903e+07
986,1.63648e+07
987,1.624e+07
988,1.639e+07
989,1.62395e+07
990,1.64033e+07
991,1.63963e+07
992,1.62809e+07
993,1.62667e+07
994,1.63648e+07
995,1.65647e+07
996,1.6329e+07
997,1.59081e+07
998,1.63299e+07
999,1.65682e+07
1000,1.61275e+07
1001,1.66261e+07
1002,1.6008e+07
1003,1.65768e+07
1004,1.60975e+07
1005,1.62101e+07
1006,1.62055e+07
1007,1.62306e+07
1008,1.63059e+07
1009,1.62992e+07
1010,1.63298e+07
1011,1.63877e+07
1012,1.6275e+07
1013,1.65283e+07
1014,1.62183e+07
1015,1.65374e+07
1016,1.61446e+07
1017,1.66056e+07
1018,1.5996e+07
1019,1.6557e+07
1020,1.61387e+07
1021,1.63741e+07
1022,1.62623e+07
1023,1.6385e+07
1024,1.62443e+07
1025,1.64376e+07
1026,1.62584e+07
1027,1.63559e+07
1028,1.63217e+07
1029,1.66663e+07
1030,1.59954e+07
1031,1.64829e+07
1032,1.62828e+07
1033,1.64353e+07
1034,1.6257e+07
1035,1.65624e+07
1036,1.61535e+07
1037,1.63187e+07
1038,1.62689e+07
1039,1.64739e+07
1040,1.62729e+07
1041,1.64038e+07
1042,1.62682e+07
1043,1.64289e+07
1044,1.62614e+07
1045,1.66727e+07
1046,1.61807e+07
1047,1.62935e+07
1048,1.63242e+07
1049,1.64112e+07
1050,1.62044e+07
1051,1.62815e+07
1052,1.62669e+07
1053,1.63239e+07
1054,1.63876e+07
1055,1.63321e+07
1056,1.63701e+07
1057,1.62506e+07
1058,1.64406e+07
1059,1.63026e+07
1060,1.63569e+07
1061,1.63332e+07
1062,1.65569e+07
1063,1.61113e+07
1064,1.66692e+07
1065,1.61227e+07
1066,1.63302e+07
1067,1.63755e+07
1068,1.62205e+07
1069,1.6251e+07
1070,1.63697e+07
1071,1.62226e+07
1072,1.6365e+07
1073,1.62193e+07
1074,1.64479e+07
1075,1.62626e+07
1076,1.66158e+07
1077,1.63048e+07
1078,1.63761e+07
1079,1.60916e+07
1080,1.64274e+07
1081,1.6282e+07
1082,1.64404e+07
1083,1.63255e+07
1084,1.63574e+07
1085,1.62621e+07
1086,1.65082e+07
1087,1.63278e+07
1088,1.64287e+07
1089,1.61765e+07
1090,1.63788e+07
1091,1.60496e+07
1092,1.62996e+07
1093,1.63702e+07
1094,1.62303e+07
1095,1.62582e+07
1096,1.63541e+07
1097,1.6632e+07
1098,1.60419e+07
1099,1.66282e+07
1100,1.6079e+07
1101,1.6339e+07
1102,1.62544e+07
1103,1.67365e+07
1104,1.60224e+07
1105,1.64338e+07
1106,1.62733e+07
1107,1.65598e+07
1108,1.6186e+07
1109,1.65624e+07
1110,1.61189e+07
1111,1.63981e+07
1112,1.62983e+07
1113,1.6377e+07
1114,1.62963e+07
1115,1.6427e+07
1116,1.62672e+07
1117,1.6402e+07
1118,1.62791e+07
1119,1.6644e+07
1120,1.60229e+07
1121,1.64473e+07
1122,1.62913e+07
1123,1.65027e+07
1124,1.62418e+07
1125,1.65753e+07
1126,1.60418e+07
1127,1.66219e+07
1128,1.61408e+07
1129,1.63423e+07
1130,1.63239e+07
1131,1.63906e+07
1132,1.62931e+07
1133,1.63365e+07
1134,1.62848e+07
1135,1.62804e+07
1136,1.63462e+07
1137,1.66137e+07
1138,1.59398e+07
1139,1.64471e+07
1140,1.62587e+07
1141,1.64638e+07
1142,1.64676e+07
1143,1.60017e+07
1144,1.63976e+07
1145,1.6309e+07
1146,1.6386e+07
1147,1.62423e+07
1148,1.65632e+07
1149,1.61816e+07
1150,1.63889e+07
1151,1.62555e+07
1152,1.66051e+07
1153,1.61984e+07
1154,1.62369e+07
1155,1.62446e+07
1156,1.63977e+07
1157,1.6193e+07
1158,1.64273e+07
1159,1.62756e+07
1160,1.6531e+07
1161,1.61772e+07
1162,1.63598e+07
1163,1.62372e+07
1164,1.6399e+07
1165,1.62899e+07
1166,1.65446e+07
1167,1.61734e+07
1168,1.65402e+07
1169,1.61617e+07
1170,1.6425e+07
1171,1.62685e+07
1172,1.64208e+07
1173,1.65421e+07
1174,1.60128e+07
1175,1.6421e+07
1176,1.64826e+07
1177,1.59982e+07
1178,1.646e+07
1179,1.64766e+07
1180,1.6117e+07
1181,1.6289e+07
1182,1.62946e+07
1183,1.64266e+07
1184,1.648e+07
1185,1.6212e+07
1186,1.62709e+07
1187,1.63859e+07
1188,1.62624e+07
1189,1.6428e+07
1190,1.62812e+07
1191,1.63868e+07
1192,1.62629e+07
1193,1.64151e+07
1194,1.62531e+07
1195,1.66533e+07
1196,1.90603e+07
1197,1.37563e+07
1198,1.5659e+07
1199,1.63435e+07
1200,1.62516e+07
1201,1.64391e+07
1202,1.62954e+07
1203,1.66638e+07
1204,1.6078e+07
1205,1.6524e+07
1206,1.60381e+07
1207,1.66381e+07
1208,1.61513e+07
1209,1.65457e+07
1210,1.6036e+07
1211,1.6379e+07
1212,1.62467e+07
1213,1.64658e+07
1214,1.62705e+07
1215,1.66139e+07
1216,1.62348e+07
1217,1.63431e+07
1218,1.62835e+07
1219,1.65251e+07
1220,1.59402e+07
1221,1.63507e+07
1222,1.64789e+07
1223,1.6177e+07
1224,1.66275e+07
1225,1.59171e+07
1226,1.65962e+07
1227,1.61493e+07
1228,1.63532e+07
1229,1.64851e+07
1230,1.62103e+07
1231,1.62751e+07
1232,1.63745e+07
1233,1.62386e+07
1234,1.64265e+07
1235,1.62849e+07
1236,1.67642e+07
1237,2.19141e+07
1238,1.17364e+07
1239,9.21667e+06
1240,1.0737e+07
1241,9.30924e+06
1242,1.60219e+07
1243,1.70411e+07
1244,8.84171e+06
1245,2.02425e+07
1246,1.16003e+07
1247,1.72348e+07
1248,1.54005e+07
1249,9.91527e+06
1250,1.60054e+07
1251,1.43028e+07
1252,1.32226e+07
1253,1.93503e+07
1254,1.44358e+07
1255,1.61508e+07
1256,1.38065e+07
1257,1.70469e+07
1258,1.56928e+07
1259,1.16638e+07
1260,1.55382e+07
1261,1.54414e+07
1262,1.88465e+07
1263,1.43902e+07
1264,1.58737e+07
1265,1.61156e+07
1266,1.57608e+07
1267,1.82508e+07
1268,1.50439e+07
1269,1.53851e+07
1270,1.64895e+07
1271,1.65318e+07
1272,1.62263e+07
1273,1.77694e+07
1274,1.40561e+07
1275,1.57439e+07
1276,1.68325e+07
1277,1.6539e+07
1278,1.67765e+07
1279,1.54912e+07
1280,1.85484e+07
1281,1.4778e+07
1282,1.50802e+07
1283,1.65259e+07
1284,1.73673e+07
1285,1.58238e+07
1286,1.70232e+07
1287,1.47912e+07
1288,1.75562e+07
1289,1.65242e+07
1290,1.6446e+07
1291,1.55649e+07
1292,1.692e+07
1293,1.56348e+07
1294,1.6636e+07
1295,1.63138e+07
1296,1.45442e+07
1297,1.90687e+07
1298,1.51514e+07
1299,1.69422e+07
1300,1.55333e+07
1301,1.68691e+07
1302,1.56549e+07
1303,1.60083e+07
1304,1.65814e+07
1305,1.72304e+07
1306,1.50521e+07
1307,1.62724e+07
1308,1.5424e+07
1309,1.6352e+07
1310,1.58522e+07
1311,1.64011e+07
1312,1.68494e+07
1313,1.6512e+07
1314,1.66947e+07
1315,1.47533e+07
1316,1.57702e+07
1317,1.67615e+07
1318,1.57856e+07
1319,1.57535e+07
1320,1.56179e+07
1321,1.68589e+07
1322,1.65235e+07
1323,1.73076e+07
1324,1.72276e+07
1325,1.49096e+07
1326,1.65253e+07
1327,1.56516e+07
1328,1.65097e+07
1329,1.46857e+07
1330,1.77444e+07
1331,1.67684e+07
1332,1.39445e+07
1333,1.63316e+07
1334,1.58852e+07
1335,1.60314e+07
1336,1.61484e+07
1337,1.57704e+07
1338,1.61256e+07
1339,1.61307e+07
1340,1.54664e+07
1341,1.59203e+07
1342,1.63601e+07
1343,1.59048e+07
1344,1.60953e+07
1345,1.58613e+07
1346,1.62892e+07
1347,1.60204e+07
1348,1.62739e+07
1349,1.5894e+07
1350,1.62645e+07
1351,1.58998e+07
1352,1.59797e+07
1353,1.60549e+07
1354,1.62504e+07
1355,1.59577e+07
1356,1.34743e+07
1357,1.59253e+07
1358,1.64003e+07
1359,1.60826e+07
1360,1.65497e+07
1361,1.58628e+07
1362,1.63281e+07
1363,1.62163e+07
1364,1.64872e+07
1365,1.61057e+07
1366,1.64591e+07
1367,1.63523e+07
1368,1.63942e+07
1369,1.60423e+07
1370,1.6521e+07
1371,1.62282e+07
1372,1.61299e+07
1373,1.63506e+07
1374,1.61973e+07
1375,1.61159e+07
1376,1.66937e+07
1377,1.60416e+07
1378,1.62954e+07
1379,1.63227e+07
1380,1.64976e+07
1381,1.58243e+07
1382,1.65298e+07
1383,1.61511e+07
1384,1.64228e+07
1385,1.60106e+07
1386,1.7015e+07
1387,1.53247e+07
1388,1.61674e+07
1389,1.59869e+07
1390,1.65742e+07
1391,1.64742e+07
1392,1.60333e+07
1393,1.62361e+07
1394,1.63844e+07
1395,1.63682e+07
1396,1.63395e+07
1397,1.61339e+07
1398,1.60843e+07
1399,1.64142e+07
1400,1.61926e+07
1401,1.62209e+07
1402,1.64075e+07
1403,1.63118e+07
1404,1.61517e+07
1405,1.64731e+07
1406,1.62397e+07
1407,1.63494e+07
1408,1.62062e+07
1409,1.57968e+07
1410,1.59625e+07
1411,1.64895e+07
1412,1.61469e+07
1413,1.64642e+07
1414,1.62567e+07
1415,1.64363e+07
1416,1.63835e+07
1417,1.63845e+07
1418,1.61568e+07
1419,1.65491e+07
1420,1.61379e+07
1421,1.6424e+07
1422,1.61809e+07
1423,1.66942e+07
1424,1.61379e+07
1425,1.61668e+07
1426,1.6233e+07
1427,1.67978e+07
1428,1.5932e+07
1429,1.63902e+07
1430,1.62566e+07
1431,1.65686e+07
1432,1.6339e+07
1433,1.64868e+07
1434,1.61804e+07
1435,1.61587e+07
1436,1.63588e+07
1437,1.6168e+07
1438,1.6139e+07
1439,1.62881e+07
1440,1.63326e+07
1441,1.82375e+07
1442,1.44205e+07
1443,1.62858e+07
1444,1.6238e+07
1445,1.63327e+07
1446,1.66516e+07
1447,1.6311e+07
1448,1.59442e+07
1449,1.62817e+07
1450,1.63879e+07
1451,1.6329e+07
1452,1.64584e+07
1453,1.60425e+07
1454,1.64161e+07
1455,1.60988e+07
1456,1.65756e+07
1457,1.63541e+07
1458,1.62797e+07
1459,1.62152e+07
1460,1.67267e+07
1461,1.58964e+07
1462,1.64865e+07
1463,1.62884e+07
1464,1.66049e+07
1465,1.61053e+07
1466,1.64922e+07
1467,1.62065e+07
1468,1.64976e+07
1469,1.63105e+07
1470,1.65199e+07
1471,1.61826e+07
1472,1.65083e+07
1473,1.62828e+07
1474,1.62616e+07
1475,1.59886e+07
1476,1.63262e+07
1477,1.64083e+07
1478,1.61223e+07
1479,1.62545e+07
1480,1.64729e+07
1481,1.6262e+07
1482,1.64329e+07
1483,1.61023e+07
1484,1.64402e+07
1485,1.61764e+07
1486,1.61557e+07
1487,1.63435e+07
1488,1.64238e+07
1489,1.63474e+07
1490,1.64677e+07
1491,1.61736e+07
1492,1.64327e+07
1493,1.62812e+07
1494,1.61927e+07
1495,1.64459e+07
1496,1.60539e+07
1497,1.61255e+07
1498,1.61858e+07
1499,1.63968e+07
1500,1.6266e+07
1501,1.64106e+07
1502,1.63918e+07
1503,1.64625e+07
1504,1.62156e+07
1505,1.65157e+07
1506,1.61843e+07
1507,1.63645e+07
1508,1.62693e+07
1509,1.64284e+07
1510,1.61511e+07
1511,1.65862e+07
1512,1.61424e+07
1513,1.6506e+07
1514,1.62346e+07
1515,1.64371e+07
1516,1.60269e+07
1517,1.65642e+07
1518,1.61996e+07
1519,1.64768e+07
1520,1.62351e+07
1521,1.65308e+07
1522,1.61852e+07
1523,1.67103e+07
1524,1.59307e+07
1525,1.64244e+07
1526,1.62679e+07
1527,1.65104e+07
1528,1.62014e+07
1529,1.6532e+07
1530,1.62211e+07
1531,1.64291e+07
1532,1.63291e+07
1533,1.64483e+07
1534,1.6268e+07
1535,1.66583e+07
1536,1.60919e+07
1537,1.64152e+07
1538,1.63912e+07
1539,1.64401e+07
1540,1.60919e+07
1541,1.64204e+07
1542,1.6293e+07
1543,1.64153e+07
1544,1.60792e+07
1545,1.64124e+07
1546,1.63205e+07
1547,1.64638e+07
1548,1.61921e+07
1549,1.6398e+07
1550,1.63126e+07
1551,1.63172e+07
1552,1.6419e+07
1553,1.63485e+07
1554,1.65445e+07
1555,1.61848e+07
1556,1.64392e+07
1557,1.63614e+07
1558,1.634e+07
1559,1.62838e+07
1560,1.63948e+07
1561,1.61851e+07
1562,1.65017e+07
1563,1.6258e+07
1564,1.65167e+07
1565,1.61357e+07
1566,1.62954e+07
1567,1.63604e+07
1568,1.63627e+07
1569,1.62232e+07
1570,1.64748e+07
1571,1.62631e+07
1572,1.64428e+07
1573,1.63142e+07
1574,1.6578e+07
1575,1.61892e+07
1576,1.65882e+07
1577,1.66373e+07
1578,1.60708e+07
1579,1.60675e+07
1580,1.6303e+07
1581,1.60495e+07
1582,1.63437e+07
1583,1.61719e+07
1584,1.61413e+07
1585,1.62198e+07
1586,1.59551e+07
1587,1.63686e+07
1588,1.61661e+07
1589,1.63174e+07
1590,1.59807e+07
1591,1.63398e+07
1592,1.59779e+07
1593,1.62478e+07
1594,1.60833e+07
1595,1.6398e+07
1596,1.61179e+07
1597,1.61354e+07
1598,1.62705e+07
1599,1.6154e+07
1600,1.61504e+07
1601,1.6107e+07
1602,1.65114e+07
1603,1.60445e+07
1604,1.61479e+07
1605,1.62926e+07
1606,1.57525e+07
1607,1.61754e+07
1608,1.62447e+07
1609,1.64346e+07
1610,1.62247e+07
1611,1.65012e+07
1612,1.63415e+07
1613,1.62719e+07
1614,1.62553e+07
1615,1.66006e+07
1616,1.61905e+07
1617,1.64831e+07
1618,1.61622e+07
1619,1.66208e+07
1620,1.5955e+07
1621,1.65682e+07
1622,1.60668e+07
1623,1.6487e+07
1624,1.61997e+07
1625,1.66196e+07
1626,1.61699e+07
1627,1.64912e+07
1628,1.61749e+07
1629,1.64807e+07
1630,1.64696e+07
1631,1.65693e+07
1632,1.37506e+07
1633,1.61261e+07
1634,1.59405e+07
1635,1.66323e+07
1636,1.60134e+07
1637,1.60881e+07
1638,1.69087e+07
1639,1.54493e+07
1640,1.6188e+07
1641,1.63101e+07
1642,1.63488e+07
1643,1.62732e+07
1644,1.66222e+07
1645,1.5159e+07
1646,1.59957e+07
1647,1.63126e+07
1648,1.66795e+07
1649,1.64025e+07
1650,1.62696e+07
1651,1.61566e+07
1652,1.61711e+07
1653,1.64843e+07
1654,1.65412e+07
1655,1.73162e+07
1656,1.53564e+07
1657,1.60253e+07
1658,1.63582e+07
1659,1.66786e+07
1660,1.63176e+07
1661,1.72354e+07
1662,1.53164e+07
1663,1.61454e+07
1664,1.63455e+07
1665,1.66848e+07
1666,1.63208e+07
1667,1.72453e+07
1668,1.54701e+07
1669,1.60318e+07
1670,1.63455e+07
1671,1.66334e+07
1672,1.63137e+07
1673,1.72428e+07
1674,1.53784e+07
1675,1.59761e+07
1676,1.66233e+07
1677,1.65913e+07
1678,1.62457e+07
1679,1.72233e+07
1680,1.52318e+07
1681,1.6279e+07
1682,1.65502e+07
1683,1.63854e+07
1684,1.72069e+07
1685,1.63338e+07
1686,1.51483e+07
1687,1.62453e+07
1688,1.63282e+07
1689,1.63634e+07
1690,1.67277e+07
1691,1.63204e+07
1692,1.62219e+07
1693,1.62945e+07
1694,1.62444e+07
1695,1.63222e+07
1696,1.65992e+07
1697,1.63739e+07
1698,1.63275e+07
1699,1.60198e+07
1700,1.6245e+07
1701,1.63724e+07
1702,1.67349e+07
1703,1.63915e+07
1704,1.60094e+07
1705,1.63023e+07
1706,1.62414e+07
1707,1.63529e+07
1708,1.67339e+07
1709,1.67577e+07
1710,1.5674e+07
1711,1.63804e+07
1712,1.62018e+07
1713,1.66345e+07
1714,1.64657e+07
1715,1.71585e+07
1716,1.52013e+07
1717,1.6226e+07
1718,1.63868e+07
1719,1.65922e+07
1720,1.64274e+07
1721,1.72272e+07
1722,1.54365e+07
1723,1.60044e+07
1724,1.62757e+07
1725,1.66535e+07
1726,1.63536e+07
1727,1.73082e+07
1728,1.51431e+07
1729,1.62487e+07
1730,1.63778e+07
1731,1.6667e+07
1732,1.63523e+07
1733,1.72754e+07
1734,1.51635e+07
1735,1.62754e+07
1736,1.65539e+07
1737,1.66495e+07
1738,1.72166e+07
1739,1.64416e+07
1740,1.47384e+07
1741,1.62114e+07
1742,1.61433e+07
1743,1.63782e+07
1744,1.67236e+07
1745,1.65502e+07
1746,1.43218e+07
1747,1.63278e+07
1748,1.62893e+07
1749,1.63698e+07
1750,1.66105e+07
1751,1.65163e+07
1752,1.60653e+07
1753,1.6336e+07
1754,1.60645e+07
1755,1.63312e+07
1756,1.66157e+07
1757,1.63542e+07
1758,1.64024e+07
1759,1.62745e+07
1760,1.59488e+07
1761,1.63244e+07
1762,1.66332e+07
1763,1.63604e+07
1764,1.61445e+07
1765,1.6274e+07
1766,1.62322e+07
1767,1.63868e+07
1768,1.66219e+07
1769,1.69923e+07
1770,1.15772e+07
1771,1.62602e+07
1772,1.62534e+07
1773,1.66351e+07
1774,1.64539e+07
1775,2.10656e+07
1776,1.15302e+07
1777,1.59731e+07
1778,1.63982e+07
1779,1.66223e+07
1780,1.63671e+07
1781,2.1902e+07
1782,1.04614e+07
1783,1.62136e+07
1784,1.64105e+07
1785,1.66425e+07
1786,1.6388e+07
1787,2.12036e+07
1788,1.14661e+07
1789,1.59642e+07
1790,1.63359e+07
1791,1.66512e+07
1792,1.64252e+07
1793,2.19371e+07
1794,1.05707e+07
1795,1.59887e+07
1796,1.65194e+07
1797,1.65164e+07
1798,2.06494e+07
1799,1.13506e+07
1800,1.57815e+07
1801,1.68945e+07
1802,1.54225e+07
1803,1.31887e+07
1804,1.57783e+07
1805,1.15378e+07
1806,1.55869e+07
1807,1.7532e+07
1808,1.43996e+07
1809,1.7552e+07
1810,1.45977e+07
1811,1.63626e+07
1812,1.30591e+07
1813,1.57954e+07
1814,1.59261e+07
1815,1.63268e+07
1816,1.66614e+07
1817,1.63614e+07
1818,1.6706e+07
1819,1.60061e+07
1820,1.60602e+07
1821,1.63594e+07
1822,1.66384e+07
1823,1.63836e+07
1824,1.61511e+07
1825,1.65071e+07
1826,1.6018e+07
1827,1.63359e+07
1828,1.69205e+07
1829,1.65646e+07
1830,1.58336e+07
1831,1.64814e+07
1832,1.634e+07
1833,1.64215e+07
1834,1.63141e+07
1835,1.72349e+07
1836,1.53135e+07
1837,1.6232e+07
1838,1.64122e+07
1839,1.6594e+07
1840,1.63763e+07
1841,1.72013e+07
1842,1.51928e+07
1843,1.6302e+07
1844,1.68213e+07
1845,1.62825e+07
1846,1.60735e+07
1847,1.71784e+07
1848,1.52713e+07
1849,1.89863e+07
1850,1.38732e+07
1851,1.58617e+07
1852,1.69357e+07
1853,1.69958e+07
1854,1.6198e+07
1855,1.65935e+07
1856,1.6519e+07
1857,1.61704e+07
1858,1.70048e+07
1859,1.51639e+07
1860,1.69269e+07
1861,1.42908e+07
1862,1.83173e+07
1863,1.60483e+07
1864,1.59622e+07
1865,1.59631e+07
1866,1.66324e+07
1867,1.63494e+07
1868,1.5635e+07
1869,1.60169e+07
1870,1.59003e+07
1871,1.56307e+07
1872,1.69581e+07
1873,1.69512e+07
1874,1.5635e+07
1875,1.57378e+07
1876,1.6181e+07
1877,1.58744e+07
1878,1.72229e+07
1879,1.63417e+07
1880,1.53546e+07
1881,1.63894e+07
1882,1.66964e+07
1883,1.63619e+07
1884,1.7139e+07
1885,1.63386e+07
1886,1.54308e+07
1887,1.60684e+07
1888,1.62939e+07
1889,1.63171e+07
1890,1.67168e+07
1891,1.63952e+07
1892,1.72639e+07
1893,1.52685e+07
1894,1.62676e+07
1895,1.63313e+07
1896,1.69362e+07
1897,1.74628e+07
1898,1.69355e+07
1899,1.62276e+07
1900,1.45488e+07
1901,1.56e+07
1902,1.62509e+07
1903,1.62285e+07
1904,1.667e+07
1905,1.8068e+07
1906,1.63966e+07
1907,1.50255e+07
1908,1.59197e+07
1909,1.69103e+07
1910,1.66963e+07
1911,1.69559e+07
1912,1.63002e+07
1913,1.52935e+07
1914,1.57465e+07
1915,1.67613e+07
1916,1.63422e+07
1917,1.6253e+07
1918,1.67942e+07
1919,1.65023e+07
1920,1.55257e+07
1921,1.67534e+07
1922,1.6132e+07
1923,1.65145e+07
1924,1.58088e+07
1925,1.36064e+07
1926,1.93686e+07
1927,1.57744e+07
1928,1.38714e+07
1929,1.57839e+07
1930,1.92827e+07
1931,1.57674e+07
1932,1.36426e+07
1933,1.60013e+07
1934,1.63228e+07
1935,1.63732e+07
1936,1.61498e+07
1937,1.62133e+07
1938,1.63517e+07
1939,1.60964e+07
1940,1.64629e+07
1941,1.63508e+07
1942,1.63286e+07
1943,1.61149e+07
1944,1.64723e+07
1945,1.61216e+07
1946,1.64085e+07
1947,1.63571e+07
1948,1.63393e+07
1949,1.61851e+07
1950,1.64542e+07
1951,1.61252e+07
1952,1.6617e+07
1953,1.59172e+07
1954,1.62651e+07
1955,1.64388e+07
1956,1.63764e+07
1957,1.62026e+07
1958,1.62946e+07
1959,1.62148e+07
1960,1.6178e+07
1961,1.64801e+07
1962,1.61412e+07
1963,1.65764e+07
1964,1.61602e+07
1965,1.65004e+07
1966,1.59845e+07
1967,1.65067e+07
1968,1.6187e+07
1969,1.63796e+07
1970,1.61861e+07
1971,1.65008e+07
1972,1.61291e+07
1973,1.64433e+07
1974,1.62037e+07
1975,1.65171e+07
1976,1.61688e+07
1977,1.66699e+07
1978,1.58572e+07
1979,1.61465e+07
1980,1.62198e+07
1981,1.63899e+07
1982,1.61575e+07
1983,1.64688e+07
1984,1.62972e+07
1985,1.61131e+07
1986,1.63112e+07
1987,1.641e+07
1988,1.62055e+07
1989,1.65169e+07
1990,1.58763e+07
1991,1.65268e+07
1992,1.59477e+07
1993,1.64377e+07
1994,1.62552e+07
1995,1.63059e+07
1996,1.63609e+07
1997,1.62278e+07
1998,1.63311e+07
1999,1.62628e+07
2000,1.64979e+07
